1 10 20
100 200 125
201 210 89
900 1000 174
1 1 1
4 4 3
1 1000 179
1000 2000 182
1001 2000 182
2000 3000 217
2001 3000 217
3000 4000 238
3001 4000 238
4000 5000 215
4001 5000 215
5000 10000 262
5001 10000 262
5500 12000 268
12000 5500 268
5501 12000 268
12000 5501 268
20 50 112
21 50 112
20 51 112
21 51 112
50 20 112
50 21 112
51 20 112
51 21 112
40 50 110
41 50 110
40 51 110
41 51 110
50 40 110
50 41 110
51 40 110
51 41 110
101 200 125
200 101 125
101 201 125
201 101 125
100 201 125
201 100 125
5000 6000 236
5001 6000 236
5001 6001 236
5000 6001 236
6000 7000 262
6001 7000 262
7000 8000 252
8000 9000 247
9000 10000 260
150 200 125
200 250 128
250 300 123
350 400 126
450 500 142
500 550 137
550 600 137
600 650 145
650 700 145
700 750 171
750 800 153
800 850 135
850 900 179
900 950 174
950 1000 143
600 800 171
550 20 144
2 80 116
1 75 116
87 2 116
456 1 144
1 2 2
2 1 2
2 128 119
2 256 128
1 128 119
1 256 128
78 94 111
24 98 119
205 40 125
3409 123 217
482 134 144
3045 2 217
48 85 116
934 976 174
32 54 113
87 68 116
87 87 31
24 51 112
67 23 113
10000 11000 268
11000 12000 250
12000 13000 263
13000 14000 276
14000 15000 271
15000 16000 271
16000 17000 266
18000 19000 261
19000 20000 274
990000 1000000 440
1000000 1000000 153
