1 10 20
100 200 125
201 210 89
900 1000 174
10 20 21
1 2 2
1 30 112
1 1000 179
10 1 20
200 100 125
210 201 89
1000 900 174
20 10 21
2 1 2
30 1 112
1000 1 179
3 3 8
5000 6000 236
6000 7000 262
7000 8000 252
8000 9000 247
9000 10000 260
25 50 112
50 75 116
75 100 119
100 125 114
125 150 122
150 175 125
175 200 120
6000 5000 236
7000 6000 262
8000 7000 252
9000 8000 247
10000 9000 260
50 25 112
75 50 116
100 75 119
125 100 114
150 125 122
175 150 125
200 175 120
14235 1234 276
346 342 126
1467 12344 268
4444 3333 238
3333 5555 238
1359 2468 209
98898 100000 328
456000 23444 449
1244 2355 183
456771 367777 449
13455 234432 443
789 1234 182
245 789 171
1 7890 262
1244 34655 311
234 6798 262
6346 6789 244
2344 6788 262
3211 4566 238
2134 34677 311
66 756888 509
2355 578898 470
12444 56876 340
2344 10000 262
999999 1000000 259
1 1000000 525
23444 230000 386
1244 9754 262
2364 5231 238
235 76575 340
12344 56787 340
321 953 179
808 909 179
707 808 153
101 700000 509
513 742 171
136136 753212 509
156 965442 525
31211 123333 354
53111 75444 335
13244 1000000 525
3433 800000 509
11 700000 509
4663 500000 449
2346 578999 470
1233 76998 340
12 457646 449
6532 87658 351
1212 75343 340
2345 67997 340
9000 1 262
1000000 5 525
123333 90 354
1222 3211 217
6161 15555 276
321111 123333 443
1233 90000 351
12333 67999 340
12444 34577 311
123332 796422 509
1233 121580 354
