1 10 20
100 200 125
201 210 89
900 1000 174
1 1 1
1 2 2
1 3 8
1 6 9
1 7 17
1 9 20
1 18 21
1 19 21
1 25 24
1 27 112
1 54 113
1 55 113
1 73 116
1 97 119
1 129 122
1 171 125
1 231 128
1 235 128
1 313 131
1 327 144
1 649 145
1 654 145
1 655 145
1 667 145
1 703 171
1 871 179
1 1161 182
1 2223 183
1 2322 183
1 2323 183
1 2463 209
1 2919 217
1 3711 238
1 6171 262
1 10971 268
1 13255 276
1 17647 279
1 17673 279
1 23529 282
1 26623 308
1 34239 311
1 35497 311
1 35655 324
1 52527 340
1 77031 351
1 106239 354
1 142587 375
1 156159 383
1 216367 386
1 230631 443
1 410011 449
1 511935 470
1 626331 509
1 837799 525
1 1 1
2 1 2
3 1 8
6 1 9
7 1 17
9 1 20
18 1 21
19 1 21
25 1 24
27 1 112
54 1 113
55 1 113
73 1 116
97 1 119
129 1 122
171 1 125
231 1 128
235 1 128
313 1 131
327 1 144
649 1 145
654 1 145
655 1 145
667 1 145
703 1 171
871 1 179
1161 1 182
2223 1 183
2322 1 183
2323 1 183
2463 1 209
2919 1 217
3711 1 238
6171 1 262
10971 1 268
13255 1 276
17647 1 279
17673 1 279
23529 1 282
26623 1 308
34239 1 311
35497 1 311
35655 1 324
52527 1 340
77031 1 351
106239 1 354
142587 1 375
156159 1 383
216367 1 386
230631 1 443
410011 1 449
511935 1 470
626331 1 509
837799 1 525
1 100000 351
100000 200000 383
200000 300000 443
300000 400000 441
400000 500000 449
500000 600000 470
600000 700000 509
700000 800000 504
800000 900000 525
900000 1000000 507
