1 10 20
100 200 125
201 210 89
900 1000 174
1 1000000 525
1000000 1 525
1000000 1000000 153
1 1 1
1 2 2
1 3 8
1 4 8
1 5 8
1 6 9
1 7 17
1 8 17
1 9 20
1 11 20
1 12 20
1 13 20
1 14 20
1 15 20
1 16 20
1 17 20
1 18 21
1 19 21
1 20 21
1 30 112
1 40 112
1 50 112
1 60 113
1 70 113
1 80 116
1 90 116
1 100 119
1 1000 179
1 10000 262
1 100000 351
2 2 2
3 3 8
4 4 3
5 5 6
6 6 9
7 7 17
8 8 4
9 9 20
10 10 7
200 300 128
300 400 144
400 500 142
500 600 137
600 700 145
700 800 171
800 900 179
1000 2000 182
2000 3000 217
3000 4000 238
4000 5000 215
5000 6000 236
6000 7000 262
8000 9000 247
9000 8000 247
8000 7000 252
7000 6000 262
6000 5000 236
5000 4000 215
4000 3000 238
3000 2000 217
2000 1000 182
1000 900 174
900 800 179
800 700 171
700 600 145
600 500 137
500 400 142
400 300 144
300 200 128
200 100 125
101 200 125
201 300 128
301 400 144
401 500 142
501 600 137
601 700 145
701 800 171
801 900 179
901 1000 174
1 999999 525
999999 1 525
999999 999999 259
199999 299999 443
299999 399999 441
399999 499999 449
499999 599999 470
599999 699999 509
699999 799999 504
799999 899999 525
899999 900000 225
100000 200000 383
200000 300000 443
300000 400000 441
400000 500000 449
500000 600000 470
600000 700000 509
700000 800000 504
800000 900000 525
900000 1000000 507
123 456 144
789 123 171
12345 67890 340
98765 43210 351
123456 789123 509
567890 123456 470
123 123 47
